1.7500
2.0000
2.2500
2.5000
2.8959
3.5000
3.7500
4.0000
4.2500
4.5000
5.0000
5.5000
6.0000
7.0000
8.0000
10.0000
12.0000
15.0000
-169.65053237456
-169.67999419305
-169.69857809774
-169.70886968455
-169.71372076627
-169.70793116788
-169.70393087648
-169.69987664653
-169.69609523782
-169.69277686308
-169.68778773590
-169.68478123653
-169.68313793070
-169.68183960364
-169.68148263066
-169.68132971248
-169.68130192951
-169.68129223629
-0.631	
-0.512	
-0.469	
-0.477	
-0.535	
-0.626	
-0.638	
-0.624	
-0.583	
-0.519	
-0.355	
-0.208	
-0.111	
-0.029	
-0.009	
-0.003	
-0.003	
-0.003	