 1.8940872
 1.9491729
 1.9108412
 1.8930981
 1.9006030
 1.9280553
 1.9705989
 2.0246041
 2.0874388
 2.1571533
 2.2322063
 2.3112677
 2.3930949
 2.4764499
 2.5600429
 2.6424924
 2.7222955
 2.7978041
 2.8671992
 2.9284647
 2.9793576
 3.0173864
 3.0398055
 3.0436487
 3.0258219
 2.9832874
 2.9133701
 2.8141879
 2.6851853
 2.5276742
 2.3451959
 2.1435204
 1.9301620
 1.7134431
 1.5013617
 1.3006123
 1.1159832
 0.9502232
 0.8042975
 0.6778144
 0.5694887
 0.4775454
 0.4000195
 0.3349559
 0.2805278
 0.2350860
 0.1971993
 0.1656223
 0.1393091
 0.1173723
 0.0990723
 0.0837925
 0.0710202
 0.0603301
 0.0513712
 0.0438502
 0.0375261
 0.0321988
 0.0277021
 0.0238994
 0.0206768
 0.0179393
